0: (39,26) (47,69)
1: (61,161) (62,27)
2: (31,50)
3: (34,17) (42,125) 
4: (40,5) (30,5) 
5: (18,0) (34,24) 
6: (55,-7) (62,92)
7: (39,2) (39,100)
8: (49,63)
9: (36,0) (36,55) (49,87) 
10: (47,75) (59,60)
11: (71,118) (88,138)
12: (34,21)
13: (46,97) (59,44)
14: (54,95)
15: (58,7) (58,105) (59,198)
16: (46,65) 
17: (40,0) (73,101) 
18: (20,7) 
19: (85,105) (80,5) (90,48) 
20: (35,35) 
21: (66,0)(52,68) 
22: (19,51) (57,89) 
23: (37,0) 
24: (52,91) 
25: (37,0) 
26: (63,176) (66,28)
27: (48,34)
28: (12,60) (49,9)
29: (53,59) 
30: (36,26)
31: (41,24) 
32: (61,53) 
33: (33,57)
34: (54,39) 
35: (46,85) (63,97)
36: (79,109) 
37: (73,105)
38: (92,0)
39: (19,31)
40: (95,88) (95,179)
41: (30,23)
42: (28,0)
43: (24,10)
44: (49,7)
45: (56,37)
46: (77,24) (79,129)
47: (30,0)
48: (36,3)
49: (30,20)
50: (38,20)
51: (35,21) 
52: (28,39) 
53: (41,41) (59,77) 
54: (41,41) 
55: (28,31)
56: (29,15) 
57: (45,94) (60,50)
58: (31,5) (1,72) 
59: (23,18)
60: (35,0) 
61: (21,5) (56,0)
62: (32,30)
63: (37,45)
64: (53,95) 
65: (39,11) 
66: (22,0) (26,59) (38,24) 
67: (14,6) (61,15)
68: (34,53)
69: (35,29) 
70: (29,22)
71: (29,66) (35,45)
72: (46,72)
73: (54,10)
74: (63,78)
75: (58,53)
76: (47,65)
77: (16,21)
78: (35,19)
79: (46,39)
80: (64,58)
81: (59,122)
82: (65,99)
83: (36,31)
84: (39,66)
85: (54,17)
86: (72,42) (72,156)
87: (59,4)
88: (74,90)
89: (50,18)
90: (61,85)
91: (45,67)
92: (56,7)
93: (55,78)
94: (46,23)
95: (54,72)
96: (51,15)
97: (77,100)
98: (51,2) (53,116)
99: (24,-7)
100: (30,3)
101: (16,11)
102: (29,0)
103: (72,90)
104: (48,10) (53,117)
105: (62,34) (64,136)
106: (50,69)
107: (42,20)
108: (77,19) (78,123)
109: (49,23)
110: (56,84)
111: (24,-4)
112: (30,26)
113: (52,-3) (53,94)
114: (31,16)
115: (69,58)
116: (51,41)
117: (79,6) (80,126)
118: (36,39)
119: (19,7)
120: (17,20)
121: (48,32)
122: (56,-5) (56,100)
123: (26,9)
124: (25,29)
125: (40,30)
126: (28,10)
127: (42,27)
128: (35,36)
129: (72,115)
130: (42,33)
131: (55,39)
132: (83,28) (85,131)
133: (35,44)
134: (17,31)
135: (46,28)
136: (26,15)
137: (41,46)
138: (39,42)
139: (40,1)
140: (62,4) 
141: (31,19) 
142: (41,13) (56,128)
143: (38,32) (65,49)
144: (31,1)
145: (24,1) (35,18) 
146: (45,69)
147: (45,11)
148: (39,29)
149: (45,27)
150: (69,68)
151: (40,20)
152: (38,38)
153: (36,25)
154: (46,28)
155: (51,48)
156: (37,20)
157: (41,17)
158: (36,18)
159: (76,17)
160: (34,71)
161: (40,29)
162: (26,54)
163: (38,33)
164: (66,16)
165: (62,31) (61,137)
166: (41,25) 
167: (68,90)
168: (40,60)
169: (49,32)